-2 0 6 0.707106781187 0.0 -0.707106781187 -1.0 0.0 0.0
-1 0 5 0.707106781187 0.0 -0.707106781187 -0.707106781187 0.0 -0.707106781187
-1 0 5 2.01874548789 0.0 -2.01874548789 -0.707106781187 0.0 -0.707106781187
0.5 -0.8 3.5 2.01878436968 0.0 -2.01878436968 -0.707106781187 -1.3361201212e-17 -0.707106781187
0.5 -0.8 3.5 1.78330618119 0.0 -1.78330618119 -0.707106781187 -1.3361201212e-17 -0.707106781187
1.0 0.0 2.5 0.0 1.31750664487 0.0 -0.934545387599 1.5786861977e-16 -0.355843952482
1.0 0.0 2.5 0.0 1.51167981635 0.0 -0.934545387599 1.5786861977e-16 -0.355843952482
0.0 0.8 2.0 -2.54982584162 0.0 0.0 0.0 -0.967565282055 0.252621109492
0.0 0.8 2.0 -1.39217789146 0.0 0.0 0.0 -0.967565282055 0.252621109492
-0.8 0.0 2.2 0.0 -1.39230781271 0.0 0.999989154463 0.0 0.00465735512428
-0.8 0.0 2.2 0.0 -1.92859720851 0.0 0.999989154463 0.0 0.00465735512428
-0.8 -1.2 3.5 0.476636795328 0.0 2.38318397664 0.980529886532 -0.0101777837642 -0.196105977306
-0.8 -1.2 3.5 0.877058019307 0.0 4.38529009654 0.980529886532 -0.0101777837642 -0.196105977306
0.2 0.0 5.1 0.0 2.09818726182 0.0 0.760341743086 -7.98038015649e-17 -0.649523235705
0.2 0.0 5.1 0.0 1.26254409637 0.0 0.760341743086 -7.98038015649e-17 -0.649523235705
1.2 0.8 4.1 2.06235414215 -0.412470828431 -2.47482497058 -0.0562063707951 -0.99137506775 0.118390535629
1.2 0.8 4.1 0.562236233398 -0.11244724668 -0.674683480077 -0.0562063707951 -0.99137506775 0.118390535629
2.0 0.0 2.5 0.0 -2.12045794396 -2.12045794396 -0.29440123251 -0.67576915966 0.67576915966
2.0 0.0 2.5 0.0 -1.7484800886 -1.7484800886 -0.29440123251 -0.67576915966 0.67576915966
0.0 -0.9 2.7 -3.04668617529 0.914005852588 3.04668617529 0.682425796466 -0.125552158599 0.720091444046
0.0 -0.9 2.7 -1.77097770975 0.531293312924 1.77097770975 0.682425796466 -0.125552158599 0.720091444046
-1.5 0.0 4.2 -2.16133664774 0.0 2.16133664774 0.701330903331 -0.127553628201 0.701330903331
-1.5 0.0 4.2 -4.16630730877 0.0 4.16630730877 0.701330903331 -0.127553628201 0.701330903331
-5.0 0.0 5.5 -1.24912257624 0.0 0.0 0.0 -0.128047442074 0.991768043737
