0 0 0 -90 0 0 30008 1
0 1 0 -90 0 0 30008 1
0 2 0 -90 0 0 30008 1
0 3 0 -90 0 0 30008 1
0 4 0 -90 0 0 30008 1
0 5 0 -90 0 0 30008 1
0 6 0 -90 0 0 30008 1
0 7 0 -90 0 0 30008 1
0 8 0 -90 0 0 30008 1
0 9 0 -90 0 0 30008 1
0 10 0 -90 0 0 30008 1
0 11 0 -90 0 0 30008 1
0 12 0 -90 0 0 30008 1
0 13 0 -90 0 0 30008 1
0 14 0 -90 0 0 30008 1
0 15 0 -90 0 0 30008 1
0 16 0 -90 0 0 30008 1
0 17 0 -90 0 0 30008 1
0 18 0 -90 0 0 30008 1
0 19 0 -90 0 0 30008 1
0 20 0 -90 0 0 30008 1
0 21 0 -90 0 0 30008 1
0 22 0 -90 0 0 30008 1
0 23 0 -90 0 0 30008 1
0 24 0 -90 0 0 30008 1
0 25 0 -90 0 0 30008 1
0 26 0 -90 0 0 30008 1
0 27 0 -90 0 0 30008 1
0 28 0 -90 0 0 30008 1
0 29 0 -90 0 0 30008 1
0 30 0.666666666667 -90 0 0 3005 2
0 31 0.666666666667 -90 0 0 3005 2
0 31 1.0 -90 0 0 30008 2
0 31 1.33333333333 -90 0 0 30008 2
0 32 0.666666666667 -90 0 0 3005 2
0 32 1.66666666667 -90 0 0 3005 2
0 32 2.0 -90 0 0 30008 2
1 0 0 -90 0 0 30008 1
1 1 0 -90 0 0 30008 1
1 2 0 -90 0 0 30008 1
1 3 0 -90 0 0 30008 1
1 4 0 -90 0 0 30008 1
1 5 0 -90 0 0 30008 1
1 6 0 -90 0 0 30008 1
1 7 0 -90 0 0 30008 1
1 8 0 -90 0 0 30008 1
1 9 0 -90 0 0 30008 1
1 10 0 -90 0 0 30008 1
1 11 0 -90 0 0 30008 1
1 12 0 -90 0 0 30008 1
1 13 0 -90 0 0 30008 1
1 14 0 -90 0 0 30008 1
1 15 0 -90 0 0 30008 1
1 16 0 -90 0 0 30008 1
1 17 0 -90 0 0 30008 1
1 18 0 -90 0 0 30008 1
1 19 0 -90 0 0 30008 1
1 20 0 -90 0 0 30008 1
1 21 0 -90 0 0 30008 1
1 22 0 -90 0 0 30008 1
1 23 0 -90 0 0 30008 1
1 24 0 -90 0 0 30008 1
1 25 0 -90 0 0 30008 1
1 26 0 -90 0 0 30008 1
1 27 0 -90 0 0 30008 1
1 28 0 -90 0 0 30008 1
1 29 0 -90 0 0 30008 2
1 30 0.0 -90 0 0 30008 2
1 30 0.333333333333 -90 0 0 30008 2
1 31 0.666666666667 -90 0 0 3005 2
1 31 1.0 -90 0 0 30008 2
1 32 0.666666666667 -90 0 0 3005 2
2 0 0 -90 0 0 30008 1
2 1 0 -90 0 0 30008 1
2 2 0 -90 0 0 30008 1
2 3 0 -90 0 0 30008 1
2 4 0 -90 0 0 30008 1
2 5 0 -90 0 0 30008 1
2 6 0 -90 0 0 30008 1
2 7 0 -90 0 0 30008 1
2 8 0 -90 0 0 30008 1
2 9 0 -90 0 0 30008 1
2 10 0 -90 0 0 30008 1
2 11 0 -90 0 0 30008 1
2 12 0 -90 0 0 30008 1
2 13 0 -90 0 0 30008 1
2 14 0 -90 0 0 30008 1
2 15 0 -90 0 0 30008 1
2 16 0 -90 0 0 30008 1
2 17 0 -90 0 0 30008 1
2 18 0 -90 0 0 30008 1
2 19 0 -90 0 0 30008 1
2 20 0 -90 0 0 30008 1
2 21 0 -90 0 0 30008 1
2 22 0 -90 0 0 30008 1
2 23 0 -90 0 0 30008 1
2 24 0 -90 0 0 30008 1
2 25 0 -90 0 0 30008 1
2 26 0 -90 0 0 30008 1
2 27 0 -90 0 0 30008 1
2 28 0 -90 0 0 30008 1
2 29 0 -90 0 0 30008 1
2 30 0 -90 0 0 30008 1
2 31 0.0 -90 0 0 30008 2
2 31 0.333333333333 -90 0 0 30008 2
2 32 0.0 -90 0 0 30008 2
3 0 0 -90 0 0 30008 1
3 1 0 -90 0 0 30008 1
3 2 0 -90 0 0 30008 1
3 3 0 -90 0 0 30008 1
3 4 0 -90 0 0 30008 1
3 5 0 -90 0 0 30008 1
3 6 0 -90 0 0 30008 1
3 7 0 -90 0 0 30008 1
3 8 0 -90 0 0 30008 1
3 9 0 -90 0 0 30008 1
3 10 0 -90 0 0 30008 1
3 11 0 -90 0 0 30008 1
3 12 0 -90 0 0 30008 1
3 13 0 -90 0 0 30008 1
3 14 0 -90 0 0 30008 1
3 15 0 -90 0 0 30008 1
3 16 0 -90 0 0 30008 1
3 17 0 -90 0 0 30008 1
3 18 0 -90 0 0 30008 1
3 19 0 -90 0 0 30008 1
3 20 0 -90 0 0 30008 1
3 21 0 -90 0 0 30008 1
3 22 0 -90 0 0 30008 1
3 23 0 -90 0 0 30008 1
3 24 0 -90 0 0 30008 1
3 25 0 -90 0 0 30008 1
3 26 0 -90 0 0 30008 1
3 27 0 -90 0 0 30008 1
3 28 0 -90 0 0 30008 1
3 29 0 -90 0 0 30008 1
3 30 0.0 -90 0 0 30008 2
3 31 0 -90 0 0 30008 1
3 32 0 -90 0 0 30008 2
4 0 0 -90 0 0 30008 1
4 1 0 -90 0 0 30008 1
4 2 0 -90 0 0 30008 1
4 3 0 -90 0 0 30008 1
4 4 0 -90 0 0 30008 1
4 5 0 -90 0 0 30008 1
4 6 0 -90 0 0 30008 1
4 7 0 -90 0 0 30008 1
4 8 0 -90 0 0 30008 1
4 9 0 -90 0 0 30008 1
4 10 0 -90 0 0 30008 1
4 11 0 -90 0 0 30008 1
4 12 0 -90 0 0 30008 1
4 13 0 -90 0 0 30008 1
4 14 0 -90 0 0 30008 1
4 15 0 -90 0 0 30008 1
4 16 0 -90 0 0 30008 1
4 17 0 -90 0 0 30008 1
4 18 0 -90 0 0 30008 1
4 19 0 -90 0 0 30008 1
4 20 0 -90 0 0 30008 1
4 21 0 -90 0 0 30008 1
4 22 0 -90 0 0 30008 1
4 23 0 -90 0 0 30008 1
4 24 0 -90 0 0 30008 1
4 25 0 -90 0 0 30008 1
4 26 0 -90 0 0 30008 1
4 27 0 -90 0 0 30008 1
4 28 0 -90 0 0 30008 1
4 29 0 -90 0 0 30008 2
4 30 0.0 -90 0 0 30008 2
4 30 0.333333333333 -90 0 0 30008 2
4 31 0.0 -90 0 0 30008 2
4 31 0.333333333333 -90 0 0 30008 2
4 32 0.666666666667 -90 0 0 3005 2
5 0 0 -90 0 0 30008 1
5 1 0 -90 0 0 30008 1
5 2 0 -90 0 0 30008 1
5 3 0 -90 0 0 30008 1
5 4 0 -90 0 0 30008 1
5 5 0 -90 0 0 30008 1
5 6 0 -90 0 0 30008 1
5 7 0 -90 0 0 30008 1
5 8 0 -90 0 0 30008 1
5 9 0 -90 0 0 30008 1
5 10 0 -90 0 0 30008 1
5 11 0 -90 0 0 30008 1
5 12 0 -90 0 0 30008 1
5 13 0 -90 0 0 30008 1
5 14 0 -90 0 0 30008 1
5 15 0 -90 0 0 30008 1
5 16 0 -90 0 0 30008 1
5 17 0 -90 0 0 30008 1
5 18 0 -90 0 0 30008 1
5 19 0 -90 0 0 30008 1
5 20 0 -90 0 0 30008 1
5 21 0 -90 0 0 30008 1
5 22 0 -90 0 0 30008 1
5 23 0 -90 0 0 30008 1
5 24 0 -90 0 0 30008 1
5 25 0 -90 0 0 30008 1
5 26 0 -90 0 0 30008 1
5 27 0 -90 0 0 30008 1
5 28 0 -90 0 0 30008 1
5 29 0.0 -90 0 0 30008 2
5 30 0 -90 0 0 30008 1
5 31 0.0 -90 0 0 30008 2
5 31 0.333333333333 -90 0 0 30008 2
5 32 0.0 -90 0 0 30008 2
5 32 0.333333333333 -90 0 0 30008 2
6 0 0 -90 0 0 30008 1
6 1 0 -90 0 0 30008 1
6 2 0 -90 0 0 30008 1
6 3 0 -90 0 0 30008 1
6 4 0 -90 0 0 30008 1
6 5 0 -90 0 0 30008 1
6 6 0 -90 0 0 30008 1
6 7 0 -90 0 0 30008 1
6 8 0 -90 0 0 30008 1
6 9 0 -90 0 0 30008 1
6 10 0 -90 0 0 30008 1
6 11 0 -90 0 0 30008 1
6 12 0 -90 0 0 30008 1
6 13 0 -90 0 0 30008 1
6 14 0 -90 0 0 30008 1
6 15 0 -90 0 0 30008 1
6 16 0 -90 0 0 30008 1
6 17 0 -90 0 0 30008 1
6 18 0 -90 0 0 30008 1
6 19 0 -90 0 0 30008 1
6 20 0 -90 0 0 30008 1
6 21 0 -90 0 0 30008 1
6 22 0 -90 0 0 30008 1
6 23 0 -90 0 0 30008 1
6 24 0 -90 0 0 30008 1
6 25 0 -90 0 0 30008 1
6 26 0 -90 0 0 30008 1
6 27 0 -90 0 0 30008 1
6 28 0.0 -90 0 0 30008 2
6 29 0 -90 0 0 30008 2
6 30 0 -90 0 0 30008 1
6 31 0 -90 0 0 30008 2
6 32 0 -90 0 0 30008 1
7 0 0 -90 0 0 30008 1
7 1 0 -90 0 0 30008 1
7 2 0 -90 0 0 30008 1
7 3 0 -90 0 0 30008 1
7 4 0 -90 0 0 30008 1
7 5 0 -90 0 0 30008 1
7 6 0 -90 0 0 30008 1
7 7 0 -90 0 0 30008 1
7 8 0 -90 0 0 30008 1
7 9 0 -90 0 0 30008 1
7 10 0 -90 0 0 30008 1
7 11 0 -90 0 0 30008 1
7 12 0 -90 0 0 30008 1
7 13 0 -90 0 0 30008 1
7 14 0 -90 0 0 30008 1
7 15 0 -90 0 0 30008 1
7 16 0 -90 0 0 30008 1
7 17 0 -90 0 0 30008 1
7 18 0 -90 0 0 30008 1
7 19 0 -90 0 0 30008 1
7 20 0 -90 0 0 30008 1
7 21 0 -90 0 0 30008 1
7 22 0 -90 0 0 30008 1
7 23 0 -90 0 0 30008 1
7 24 0 -90 0 0 30008 1
7 25 0 -90 0 0 30008 1
7 26 0 -90 0 0 30008 1
7 27 0 -90 0 0 30008 1
7 28 0 -90 0 0 30008 2
7 29 0.0 -90 0 0 30008 2
7 30 0 -90 0 0 30008 1
7 31 0 -90 0 0 30008 2
7 32 0 -90 0 0 30008 1
8 0 0 -90 0 0 30008 1
8 1 0 -90 0 0 30008 1
8 2 0 -90 0 0 30008 1
8 3 0 -90 0 0 30008 1
8 4 0 -90 0 0 30008 1
8 5 0 -90 0 0 30008 1
8 6 0 -90 0 0 30008 1
8 7 0 -90 0 0 30008 1
8 8 0 -90 0 0 30008 1
8 9 0 -90 0 0 30008 1
8 10 0 -90 0 0 30008 1
8 11 0 -90 0 0 30008 1
8 12 0 -90 0 0 30008 1
8 13 0 -90 0 0 30008 1
8 14 0 -90 0 0 30008 1
8 15 0 -90 0 0 30008 1
8 16 0 -90 0 0 30008 1
8 17 0 -90 0 0 30008 1
8 18 0 -90 0 0 30008 1
8 19 0 -90 0 0 30008 1
8 20 0 -90 0 0 30008 1
8 21 0 -90 0 0 30008 1
8 22 0 -90 0 0 30008 1
8 23 0 -90 0 0 30008 1
8 24 0 -90 0 0 30008 1
8 25 0 -90 0 0 30008 1
8 26 0 -90 0 0 30008 1
8 27 0 -90 0 0 30008 1
8 28 0.0 -90 0 0 30008 2
8 28 0.333333333333 -90 0 0 30008 2
8 29 0.0 -90 0 0 30008 2
8 30 0 -90 0 0 30008 1
8 31 0 -90 0 0 30008 1
8 32 0 -90 0 0 30008 1
9 0 0 -90 0 0 30008 1
9 1 0 -90 0 0 30008 1
9 2 0 -90 0 0 30008 1
9 3 0 -90 0 0 30008 1
9 4 0 -90 0 0 30008 1
9 5 0 -90 0 0 30008 1
9 6 0 -90 0 0 30008 1
9 7 0 -90 0 0 30008 1
9 8 0 -90 0 0 30008 1
9 9 0 -90 0 0 30008 1
9 10 0 -90 0 0 30008 1
9 11 0 -90 0 0 30008 1
9 12 0 -90 0 0 30008 1
9 13 0 -90 0 0 30008 1
9 14 0 -90 0 0 30008 1
9 15 0 -90 0 0 30008 1
9 16 0 -90 0 0 30008 1
9 17 0 -90 0 0 30008 1
9 18 0 -90 0 0 30008 1
9 19 0 -90 0 0 30008 1
9 20 0 -90 0 0 30008 1
9 21 0 -90 0 0 30008 1
9 22 0 -90 0 0 30008 1
9 23 0 -90 0 0 30008 1
9 24 0 -90 0 0 30008 1
9 25 0 -90 0 0 30008 1
9 26 0 -90 0 0 30008 1
9 27 0 -90 0 0 30008 1
9 28 0 -90 0 0 30008 1
9 29 0 -90 0 0 30008 1
9 30 0 -90 0 0 30008 1
9 31 0 -90 0 0 30008 1
9 32 0 -90 0 0 30008 1
10 0 0 -90 0 0 30008 1
10 1 0 -90 0 0 30008 1
10 2 0 -90 0 0 30008 1
10 3 0 -90 0 0 30008 1
10 4 0 -90 0 0 30008 1
10 5 0 -90 0 0 30008 1
10 6 0 -90 0 0 30008 1
10 7 0 -90 0 0 30008 1
10 8 0 -90 0 0 30008 1
10 9 0 -90 0 0 30008 1
10 10 0 -90 0 0 30008 1
10 11 0 -90 0 0 30008 1
10 12 0 -90 0 0 30008 1
10 13 0 -90 0 0 30008 1
10 14 0 -90 0 0 30008 1
10 15 0 -90 0 0 30008 1
10 16 0 -90 0 0 30008 1
10 17 0 -90 0 0 30008 1
10 18 0 -90 0 0 30008 1
10 19 0 -90 0 0 30008 1
10 20 0 -90 0 0 30008 1
10 21 0 -90 0 0 30008 1
10 22 0 -90 0 0 30008 1
10 23 0 -90 0 0 30008 1
10 24 0 -90 0 0 30008 1
10 25 0 -90 0 0 30008 1
10 26 0 -90 0 0 30008 1
10 27 0 -90 0 0 30008 1
10 28 0 -90 0 0 30008 1
10 29 0 -90 0 0 30008 1
10 30 0 -90 0 0 30008 1
10 31 0 -90 0 0 30008 1
10 32 0 -90 0 0 30008 1
11 0 0 -90 0 0 30008 1
11 1 0 -90 0 0 30008 1
11 2 0 -90 0 0 30008 1
11 3 0 -90 0 0 30008 1
11 4 0 -90 0 0 30008 1
11 5 0 -90 0 0 30008 1
11 6 0 -90 0 0 30008 1
11 7 0 -90 0 0 30008 1
11 8 0 -90 0 0 30008 1
11 9 0 -90 0 0 30008 1
11 10 0 -90 0 0 30008 1
11 11 0 -90 0 0 30008 1
11 12 0 -90 0 0 30008 1
11 13 0 -90 0 0 30008 1
11 14 0 -90 0 0 30008 1
11 15 0 -90 0 0 30008 1
11 16 0 -90 0 0 30008 1
11 17 0 -90 0 0 30008 1
11 18 0 -90 0 0 30008 1
11 19 0 -90 0 0 30008 1
11 20 0 -90 0 0 30008 1
11 21 0 -90 0 0 30008 1
11 22 0 -90 0 0 30008 1
11 23 0 -90 0 0 30008 1
11 24 0 -90 0 0 30008 1
11 25 0 -90 0 0 30008 1
11 26 0 -90 0 0 30008 1
11 27 0 -90 0 0 30008 1
11 28 0 -90 0 0 30008 1
11 29 0 -90 0 0 30008 1
11 30 0 -90 0 0 30008 1
11 31 0 -90 0 0 30008 1
11 32 0 -90 0 0 30008 1
12 0 0 -90 0 0 30008 1
12 1 0 -90 0 0 30008 1
12 2 0 -90 0 0 30008 1
12 3 0 -90 0 0 30008 1
12 4 0 -90 0 0 30008 1
12 5 0 -90 0 0 30008 1
12 6 0 -90 0 0 30008 1
12 7 0 -90 0 0 30008 1
12 8 0 -90 0 0 30008 1
12 9 0 -90 0 0 30008 1
12 10 0 -90 0 0 30008 1
12 11 0 -90 0 0 30008 1
12 12 0 -90 0 0 30008 1
12 13 0 -90 0 0 30008 1
12 14 0 -90 0 0 30008 1
12 15 0 -90 0 0 30008 1
12 16 0 -90 0 0 30008 1
12 17 0 -90 0 0 30008 1
12 18 0 -90 0 0 30008 1
12 19 0 -90 0 0 30008 1
12 20 0 -90 0 0 30008 1
12 21 0 -90 0 0 30008 1
12 22 0 -90 0 0 30008 1
12 23 0 -90 0 0 30008 1
12 24 0 -90 0 0 30008 1
12 25 0 -90 0 0 30008 1
12 26 0 -90 0 0 30008 1
12 27 0 -90 0 0 30008 1
12 28 0 -90 0 0 30008 1
12 29 0 -90 0 0 30008 1
12 30 0 -90 0 0 30008 1
12 31 0 -90 0 0 30008 1
12 32 0 -90 0 0 30008 1
13 0 0 -90 0 0 30008 1
13 1 0 -90 0 0 30008 1
13 2 0 -90 0 0 30008 1
13 3 0 -90 0 0 30008 1
13 4 0 -90 0 0 30008 1
13 5 0 -90 0 0 30008 1
13 6 0 -90 0 0 30008 1
13 7 0 -90 0 0 30008 1
13 8 0 -90 0 0 30008 1
13 9 0 -90 0 0 30008 1
13 10 0 -90 0 0 30008 1
13 11 0 -90 0 0 30008 1
13 12 0 -90 0 0 30008 1
13 13 0 -90 0 0 30008 1
13 14 0 -90 0 0 30008 1
13 15 0 -90 0 0 30008 1
13 16 0 -90 0 0 30008 1
13 17 0 -90 0 0 30008 1
13 18 0 -90 0 0 30008 1
13 19 0 -90 0 0 30008 1
13 20 0 -90 0 0 30008 1
13 21 0 -90 0 0 30008 1
13 22 0 -90 0 0 30008 1
13 23 0 -90 0 0 30008 1
13 24 0 -90 0 0 30008 1
13 25 0 -90 0 0 30008 1
13 26 0 -90 0 0 30008 1
13 27 0 -90 0 0 30008 1
13 28 0 -90 0 0 30008 1
13 29 0 -90 0 0 30008 1
13 30 0 -90 0 0 30008 1
13 31 0 -90 0 0 30008 1
13 32 0 -90 0 0 30008 1
14 0 0 -90 0 0 30008 1
14 1 0 -90 0 0 30008 1
14 2 0 -90 0 0 30008 1
14 3 0 -90 0 0 30008 1
14 4 0 -90 0 0 30008 1
14 5 0 -90 0 0 30008 1
14 6 0 -90 0 0 30008 1
14 7 0 -90 0 0 30008 1
14 8 0 -90 0 0 30008 1
14 9 0 -90 0 0 30008 1
14 10 0 -90 0 0 30008 1
14 11 0 -90 0 0 30008 1
14 12 0 -90 0 0 30008 1
14 13 0 -90 0 0 30008 1
14 14 0 -90 0 0 30008 1
14 15 0 -90 0 0 30008 1
14 16 0 -90 0 0 30008 1
14 17 0 -90 0 0 30008 1
14 18 0 -90 0 0 30008 2
14 19 0 -90 0 0 30008 1
14 20 0.0 -90 0 0 30008 2
14 21 0.0 -90 0 0 30008 2
14 22 0 -90 0 0 30008 1
14 23 0 -90 0 0 30008 1
14 24 0 -90 0 0 30008 1
14 25 0 -90 0 0 30008 1
14 26 0 -90 0 0 30008 1
14 27 0 -90 0 0 30008 1
14 28 0 -90 0 0 30008 1
14 29 0 -90 0 0 30008 1
14 30 0 -90 0 0 30008 1
14 31 0 -90 0 0 30008 1
14 32 0 -90 0 0 30008 1
15 0 0 -90 0 0 30008 1
15 1 0 -90 0 0 30008 1
15 2 0 -90 0 0 30008 1
15 3 0 -90 0 0 30008 1
15 4 0 -90 0 0 30008 1
15 5 0 -90 0 0 30008 1
15 6 0 -90 0 0 30008 1
15 7 0 -90 0 0 30008 1
15 8 0 -90 0 0 30008 1
15 9 0 -90 0 0 30008 1
15 10 0 -90 0 0 30008 1
15 11 0 -90 0 0 30008 1
15 12 0 -90 0 0 30008 1
15 13 0 -90 0 0 30008 1
15 14 0 -90 0 0 30008 1
15 15 0 -90 0 0 30008 1
15 16 0 -90 0 0 30008 1
15 17 0 -90 0 0 30008 2
15 18 0.0 -90 0 0 30008 2
15 18 0.333333333333 -90 0 0 30008 2
15 19 0.0 -90 0 0 30008 2
15 19 0.333333333333 -90 0 0 30008 2
15 20 0.666666666667 -90 0 0 3005 2
15 21 0.666666666667 -90 0 0 3005 2
15 22 0.0 -90 0 0 30008 2
15 22 0.333333333333 -90 0 0 30008 2
15 23 0.0 -90 0 0 30008 2
15 23 0.333333333333 -90 0 0 30008 2
15 24 0 -90 0 0 30008 2
15 25 0.0 -90 0 0 30008 2
15 25 0.333333333333 -90 0 0 30008 2
15 26 0 -90 0 0 30008 1
15 27 0 -90 0 0 30008 1
15 28 0 -90 0 0 30008 1
15 29 0 -90 0 0 30008 1
15 30 0 -90 0 0 30008 1
15 31 0 -90 0 0 30008 1
15 32 0 -90 0 0 30008 1
16 0 0 -90 0 0 30008 1
16 1 0 -90 0 0 30008 1
16 2 0 -90 0 0 30008 1
16 3 0 -90 0 0 30008 1
16 4 0 -90 0 0 30008 1
16 5 0 -90 0 0 30008 1
16 6 0 -90 0 0 30008 1
16 7 0 -90 0 0 30008 1
16 8 0 -90 0 0 30008 1
16 9 0 -90 0 0 30008 1
16 10 0 -90 0 0 30008 1
16 11 0 -90 0 0 30008 1
16 12 0 -90 0 0 30008 1
16 13 0 -90 0 0 30008 1
16 14 0 -90 0 0 30008 1
16 15 0 -90 0 0 30008 1
16 16 0 -90 0 0 30008 2
16 17 0.0 -90 0 0 30008 2
16 18 0.0 -90 0 0 30008 2
16 18 0.333333333333 -90 0 0 30008 2
16 19 0.0 -90 0 0 30008 2
16 19 0.333333333333 -90 0 0 30008 2
16 20 0.666666666667 -90 0 0 3005 2
16 20 1.66666666667 -90 0 0 3005 2
16 21 0.666666666667 -90 0 0 3005 2
16 21 1.66666666667 -90 0 0 3005 2
16 22 0.666666666667 -90 0 0 3005 2
16 22 1.66666666667 -90 0 0 3005 2
16 23 0.666666666667 -90 0 0 3005 2
16 23 1.0 -90 0 0 30008 2
16 24 0.666666666667 -90 0 0 3005 2
16 24 1.66666666667 -90 0 0 3005 2
16 24 2.0 -90 0 0 30008 2
16 25 0.666666666667 -90 0 0 3005 2
16 25 1.0 -90 0 0 30008 2
16 25 1.33333333333 -90 0 0 30008 2
16 26 0.0 -90 0 0 30008 2
16 26 0.333333333333 -90 0 0 30008 2
16 27 0 -90 0 0 30008 1
16 28 0 -90 0 0 30008 2
16 29 0 -90 0 0 30008 1
16 30 0 -90 0 0 30008 1
16 31 0 -90 0 0 30008 1
16 32 0 -90 0 0 30008 1
17 0 0 -90 0 0 30008 1
17 1 0 -90 0 0 30008 1
17 2 0 -90 0 0 30008 1
17 3 0 -90 0 0 30008 1
17 4 0 -90 0 0 30008 1
17 5 0 -90 0 0 30008 1
17 6 0 -90 0 0 30008 1
17 7 0 -90 0 0 30008 1
17 8 0 -90 0 0 30008 1
17 9 0 -90 0 0 30008 1
17 10 0 -90 0 0 30008 1
17 11 0 -90 0 0 30008 1
17 12 0 -90 0 0 30008 1
17 13 0 -90 0 0 30008 1
17 14 0 -90 0 0 30008 1
17 15 0 -90 0 0 30008 1
17 16 0 -90 0 0 30008 2
17 17 0 -90 0 0 30008 1
17 18 0.666666666667 -90 0 0 3005 2
17 18 1.0 -90 0 0 30008 2
17 19 0.666666666667 -90 0 0 3005 2
17 19 1.0 -90 0 0 30008 2
17 19 1.33333333333 -90 0 0 30008 2
17 20 0.666666666667 -90 0 0 3005 2
17 20 1.66666666667 -90 0 0 3005 2
17 21 0.666666666667 -90 0 0 3005 2
17 21 1.0 -90 0 0 30008 2
17 22 0.666666666667 -90 0 0 3005 2
17 22 1.0 -90 0 0 30008 2
17 22 1.33333333333 -90 0 0 30008 2
17 23 0.666666666667 -90 0 0 3005 2
17 23 1.0 -90 0 0 30008 2
17 24 0.0 -90 0 0 30008 2
17 25 0.666666666667 -90 0 0 3005 2
17 26 0 -90 0 0 30008 2
17 27 0 -90 0 0 30008 1
17 28 0 -90 0 0 30008 1
17 29 0 -90 0 0 30008 1
17 30 0 -90 0 0 30008 1
17 31 0 -90 0 0 30008 1
17 32 0 -90 0 0 30008 1
18 0 0 -90 0 0 30008 1
18 1 0 -90 0 0 30008 1
18 2 0 -90 0 0 30008 1
18 3 0 -90 0 0 30008 1
18 4 0 -90 0 0 30008 1
18 5 0 -90 0 0 30008 1
18 6 0 -90 0 0 30008 1
18 7 0 -90 0 0 30008 1
18 8 0 -90 0 0 30008 1
18 9 0 -90 0 0 30008 1
18 10 0 -90 0 0 30008 1
18 11 0 -90 0 0 30008 1
18 12 0 -90 0 0 30008 1
18 13 0 -90 0 0 30008 1
18 14 0 -90 0 0 30008 1
18 15 0 -90 0 0 30008 1
18 16 0 -90 0 0 30008 1
18 17 0.0 -90 0 0 30008 2
18 18 0.666666666667 -90 0 0 3005 2
18 19 0.666666666667 -90 0 0 3005 2
18 20 0.666666666667 -90 0 0 3005 2
18 20 1.0 -90 0 0 30008 2
18 20 1.33333333333 -90 0 0 30008 2
18 21 0.666666666667 -90 0 0 3005 2
18 21 1.0 -90 0 0 30008 2
18 22 0.0 -90 0 0 30008 2
18 22 0.333333333333 -90 0 0 30008 2
18 23 0.0 -90 0 0 30008 2
18 23 0.333333333333 -90 0 0 30008 2
18 24 0 -90 0 0 30008 1
18 25 0 -90 0 0 30008 1
18 26 0.0 -90 0 0 30008 2
18 27 0 -90 0 0 30008 1
18 28 0 -90 0 0 30008 1
18 29 0 -90 0 0 30008 1
18 30 0 -90 0 0 30008 2
18 31 0 -90 0 0 30008 1
18 32 0 -90 0 0 30008 1
19 0 0 -90 0 0 30008 1
19 1 0 -90 0 0 30008 1
19 2 0 -90 0 0 30008 1
19 3 0 -90 0 0 30008 1
19 4 0 -90 0 0 30008 1
19 5 0 -90 0 0 30008 1
19 6 0 -90 0 0 30008 1
19 7 0 -90 0 0 30008 1
19 8 0 -90 0 0 30008 1
19 9 0 -90 0 0 30008 1
19 10 0 -90 0 0 30008 1
19 11 0 -90 0 0 30008 1
19 12 0 -90 0 0 30008 1
19 13 0 -90 0 0 30008 1
19 14 0 -90 0 0 30008 1
19 15 0 -90 0 0 30008 1
19 16 0 -90 0 0 30008 1
19 17 0 -90 0 0 30008 2
19 18 0.0 -90 0 0 30008 2
19 19 0.0 -90 0 0 30008 2
19 20 0.0 -90 0 0 30008 2
19 21 0.0 -90 0 0 30008 2
19 21 0.333333333333 -90 0 0 30008 2
19 22 0 -90 0 0 30008 1
19 23 0 -90 0 0 30008 1
19 24 0 -90 0 0 30008 1
19 25 0 -90 0 0 30008 2
19 26 0 -90 0 0 30008 2
19 27 0 -90 0 0 30008 2
19 28 0 -90 0 0 30008 1
19 29 0 -90 0 0 30008 1
19 30 0.0 -90 0 0 30008 2
19 31 0 -90 0 0 30008 2
19 32 0 -90 0 0 30008 1
20 0 0 -90 0 0 30008 1
20 1 0 -90 0 0 30008 1
20 2 0 -90 0 0 30008 1
20 3 0 -90 0 0 30008 1
20 4 0 -90 0 0 30008 1
20 5 0 -90 0 0 30008 1
20 6 0 -90 0 0 30008 1
20 7 0 -90 0 0 30008 1
20 8 0 -90 0 0 30008 1
20 9 0 -90 0 0 30008 1
20 10 0 -90 0 0 30008 1
20 11 0 -90 0 0 30008 1
20 12 0 -90 0 0 30008 1
20 13 0 -90 0 0 30008 1
20 14 0 -90 0 0 30008 1
20 15 0 -90 0 0 30008 1
20 16 0.0 -90 0 0 30008 2
20 17 0 -90 0 0 30008 1
20 18 0 -90 0 0 30008 1
20 19 0 -90 0 0 30008 1
20 20 0 -90 0 0 30008 1
20 21 0 -90 0 0 30008 1
20 22 0 -90 0 0 30008 1
20 23 0 -90 0 0 30008 1
20 24 0 -90 0 0 30008 1
20 25 0 -90 0 0 30008 1
20 26 0 -90 0 0 30008 1
20 27 0 -90 0 0 30008 1
20 28 0 -90 0 0 30008 1
20 29 0.0 -90 0 0 30008 2
20 30 0.0 -90 0 0 30008 2
20 31 0.0 -90 0 0 30008 2
20 32 0 -90 0 0 30008 1
21 0 0 -90 0 0 30008 1
21 1 0 -90 0 0 30008 1
21 2 0 -90 0 0 30008 1
21 3 0 -90 0 0 30008 1
21 4 0 -90 0 0 30008 1
21 5 0 -90 0 0 30008 1
21 6 0 -90 0 0 30008 1
21 7 0 -90 0 0 30008 1
21 8 0 -90 0 0 30008 1
21 9 0 -90 0 0 30008 1
21 10 0 -90 0 0 30008 1
21 11 0 -90 0 0 30008 1
21 12 0 -90 0 0 30008 1
21 13 0 -90 0 0 30008 1
21 14 0 -90 0 0 30008 1
21 15 0 -90 0 0 30008 1
21 16 0 -90 0 0 30008 1
21 17 0 -90 0 0 30008 1
21 18 0 -90 0 0 30008 1
21 19 0 -90 0 0 30008 2
21 20 0 -90 0 0 30008 1
21 21 0 -90 0 0 30008 1
21 22 0 -90 0 0 30008 1
21 23 0 -90 0 0 30008 1
21 24 0 -90 0 0 30008 1
21 25 0 -90 0 0 30008 1
21 26 0 -90 0 0 30008 1
21 27 0 -90 0 0 30008 1
21 28 0 -90 0 0 30008 1
21 29 0.0 -90 0 0 30008 2
21 30 0.0 -90 0 0 30008 2
21 30 0.333333333333 -90 0 0 30008 2
21 31 0.666666666667 -90 0 0 3005 2
21 32 0.0 -90 0 0 30008 2
22 0 0 -90 0 0 30008 1
22 1 0 -90 0 0 30008 1
22 2 0 -90 0 0 30008 1
22 3 0 -90 0 0 30008 1
22 4 0 -90 0 0 30008 1
22 5 0 -90 0 0 30008 1
22 6 0 -90 0 0 30008 1
22 7 0 -90 0 0 30008 1
22 8 0 -90 0 0 30008 1
22 9 0 -90 0 0 30008 1
22 10 0 -90 0 0 30008 1
22 11 0 -90 0 0 30008 1
22 12 0 -90 0 0 30008 1
22 13 0 -90 0 0 30008 1
22 14 0 -90 0 0 30008 1
22 15 0 -90 0 0 30008 1
22 16 0 -90 0 0 30008 1
22 17 0 -90 0 0 30008 1
22 18 0 -90 0 0 30008 1
22 19 0.0 -90 0 0 30008 2
22 20 0 -90 0 0 30008 1
22 21 0 -90 0 0 30008 1
22 22 0 -90 0 0 30008 1
22 23 0 -90 0 0 30008 1
22 24 0 -90 0 0 30008 1
22 25 0 -90 0 0 30008 1
22 26 0 -90 0 0 30008 1
22 27 0 -90 0 0 30008 1
22 28 0 -90 0 0 30008 1
22 29 0.0 -90 0 0 30008 2
22 30 0.666666666667 -90 0 0 3005 2
22 30 1.0 -90 0 0 30008 2
22 30 1.33333333333 -90 0 0 30008 2
22 31 0.666666666667 -90 0 0 3005 2
22 31 1.0 -90 0 0 30008 2
22 31 1.33333333333 -90 0 0 30008 2
22 32 0.666666666667 -90 0 0 3005 2
22 32 1.0 -90 0 0 30008 2
22 32 1.33333333333 -90 0 0 30008 2
23 0 0 -90 0 0 30008 1
23 1 0 -90 0 0 30008 1
23 2 0 -90 0 0 30008 1
23 3 0 -90 0 0 30008 1
23 4 0 -90 0 0 30008 1
23 5 0 -90 0 0 30008 1
23 6 0 -90 0 0 30008 1
23 7 0 -90 0 0 30008 1
23 8 0 -90 0 0 30008 1
23 9 0 -90 0 0 30008 1
23 10 0 -90 0 0 30008 1
23 11 0 -90 0 0 30008 1
23 12 0 -90 0 0 30008 1
23 13 0 -90 0 0 30008 1
23 14 0 -90 0 0 30008 1
23 15 0 -90 0 0 30008 1
23 16 0 -90 0 0 30008 1
23 17 0 -90 0 0 30008 1
23 18 0 -90 0 0 30008 1
23 19 0 -90 0 0 30008 1
23 20 0 -90 0 0 30008 1
23 21 0 -90 0 0 30008 1
23 22 0 -90 0 0 30008 1
23 23 0 -90 0 0 30008 1
23 24 0 -90 0 0 30008 1
23 25 0 -90 0 0 30008 1
23 26 0 -90 0 0 30008 2
23 27 0.0 -90 0 0 30008 2
23 27 0.333333333333 -90 0 0 30008 2
23 28 0.0 -90 0 0 30008 2
23 28 0.333333333333 -90 0 0 30008 2
23 29 0.0 -90 0 0 30008 2
23 29 0.333333333333 -90 0 0 30008 2
23 30 0.666666666667 -90 0 0 3005 2
23 30 1.66666666667 -90 0 0 3005 2
23 31 0.666666666667 -90 0 0 3005 2
23 31 1.66666666667 -90 0 0 3005 2
23 31 2.0 -90 0 0 30008 2
23 32 0.666666666667 -90 0 0 3005 2
23 32 1.66666666667 -90 0 0 3005 2
24 0 0 -90 0 0 30008 1
24 1 0 -90 0 0 30008 1
24 2 0 -90 0 0 30008 1
24 3 0 -90 0 0 30008 1
24 4 0 -90 0 0 30008 1
24 5 0 -90 0 0 30008 1
24 6 0 -90 0 0 30008 1
24 7 0 -90 0 0 30008 1
24 8 0 -90 0 0 30008 1
24 9 0 -90 0 0 30008 1
24 10 0 -90 0 0 30008 1
24 11 0 -90 0 0 30008 1
24 12 0.0 -90 0 0 30008 2
24 13 0 -90 0 0 30008 1
24 14 0 -90 0 0 30008 1
24 15 0 -90 0 0 30008 1
24 16 0 -90 0 0 30008 1
24 17 0 -90 0 0 30008 1
24 18 0 -90 0 0 30008 2
24 19 0.0 -90 0 0 30008 2
24 20 0 -90 0 0 30008 1
24 21 0 -90 0 0 30008 1
24 22 0 -90 0 0 30008 1
24 23 0 -90 0 0 30008 1
24 24 0 -90 0 0 30008 1
24 25 0.0 -90 0 0 30008 2
24 26 0.666666666667 -90 0 0 3005 2
24 26 1.0 -90 0 0 30008 2
24 27 0.666666666667 -90 0 0 3005 2
24 27 1.66666666667 -90 0 0 3005 2
24 28 0.666666666667 -90 0 0 3005 2
24 28 1.0 -90 0 0 30008 2
24 28 1.33333333333 -90 0 0 30008 2
24 29 0.666666666667 -90 0 0 3005 2
24 29 1.0 -90 0 0 30008 2
24 29 1.33333333333 -90 0 0 30008 2
24 30 0.666666666667 -90 0 0 3005 2
24 30 1.66666666667 -90 0 0 3005 2
24 30 2.0 -90 0 0 30008 2
24 31 0.666666666667 -90 0 0 3005 2
24 31 1.66666666667 -90 0 0 3005 2
24 31 2.0 -90 0 0 30008 2
24 32 0.666666666667 -90 0 0 3005 2
24 32 1.66666666667 -90 0 0 3005 2
24 32 2.66666666667 -90 0 0 3005 2
25 0 0 -90 0 0 30008 1
25 1 0 -90 0 0 30008 1
25 2 0 -90 0 0 30008 1
25 3 0 -90 0 0 30008 1
25 4 0 -90 0 0 30008 1
25 5 0 -90 0 0 30008 1
25 6 0 -90 0 0 30008 1
25 7 0 -90 0 0 30008 1
25 8 0 -90 0 0 30008 1
25 9 0 -90 0 0 30008 1
25 10 0 -90 0 0 30008 1
25 11 0 -90 0 0 30008 1
25 12 0 -90 0 0 30008 1
25 13 0 -90 0 0 30008 1
25 14 0 -90 0 0 30008 1
25 15 0 -90 0 0 30008 1
25 16 0 -90 0 0 30008 1
25 17 0 -90 0 0 30008 1
25 18 0 -90 0 0 30008 2
25 19 0 -90 0 0 30008 2
25 20 0.0 -90 0 0 30008 2
25 21 0 -90 0 0 30008 2
25 22 0 -90 0 0 30008 1
25 23 0 -90 0 0 30008 1
25 24 0 -90 0 0 30008 2
25 25 0.666666666667 -90 0 0 3005 2
25 25 1.0 -90 0 0 30008 2
25 26 0.666666666667 -90 0 0 3005 2
25 26 1.66666666667 -90 0 0 3005 2
25 27 0.666666666667 -90 0 0 3005 2
25 27 1.66666666667 -90 0 0 3005 2
25 27 2.0 -90 0 0 30008 2
25 28 0.666666666667 -90 0 0 3005 2
25 28 1.66666666667 -90 0 0 3005 2
25 29 0.666666666667 -90 0 0 3005 2
25 29 1.66666666667 -90 0 0 3005 2
25 29 2.0 -90 0 0 30008 2
25 30 0.666666666667 -90 0 0 3005 2
25 30 1.66666666667 -90 0 0 3005 2
25 30 2.0 -90 0 0 30008 2
25 31 0.666666666667 -90 0 0 3005 2
25 31 1.66666666667 -90 0 0 3005 2
25 31 2.0 -90 0 0 30008 2
25 31 2.33333333333 -90 0 0 30008 2
25 32 0.666666666667 -90 0 0 3005 2
25 32 1.66666666667 -90 0 0 3005 2
25 32 2.66666666667 -90 0 0 3005 2
25 32 3.0 -90 0 0 30008 2
26 0 0 -90 0 0 30008 1
26 1 0 -90 0 0 30008 1
26 2 0 -90 0 0 30008 1
26 3 0 -90 0 0 30008 1
26 4 0 -90 0 0 30008 1
26 5 0 -90 0 0 30008 1
26 6 0 -90 0 0 30008 1
26 7 0 -90 0 0 30008 1
26 8 0 -90 0 0 30008 1
26 9 0 -90 0 0 30008 1
26 10 0.0 -90 0 0 30008 2
26 10 0.333333333333 -90 0 0 30008 2
26 11 0.0 -90 0 0 30008 2
26 12 0 -90 0 0 30008 1
26 13 0 -90 0 0 30008 1
26 14 0 -90 0 0 30008 1
26 15 0 -90 0 0 30008 1
26 16 0 -90 0 0 30008 1
26 17 0 -90 0 0 30008 2
26 18 0.0 -90 0 0 30008 2
26 19 0 -90 0 0 30008 2
26 20 0 -90 0 0 30008 1
26 21 0.0 -90 0 0 30008 2
26 22 0 -90 0 0 30008 2
26 23 0 -90 0 0 30008 2
26 24 0.0 -90 0 0 30008 2
26 24 0.333333333333 -90 0 0 30008 2
26 25 0.666666666667 -90 0 0 3005 2
26 26 0.666666666667 -90 0 0 3005 2
26 26 1.66666666667 -90 0 0 3005 2
26 27 0.666666666667 -90 0 0 3005 2
26 27 1.66666666667 -90 0 0 3005 2
26 27 2.66666666667 -90 0 0 3005 2
26 28 0.666666666667 -90 0 0 3005 2
26 28 1.66666666667 -90 0 0 3005 2
26 28 2.66666666667 -90 0 0 3005 2
26 28 3.0 -90 0 0 30008 2
26 29 0.666666666667 -90 0 0 3005 2
26 29 1.66666666667 -90 0 0 3005 2
26 29 2.66666666667 -90 0 0 3005 2
26 29 3.0 -90 0 0 30008 2
26 29 3.33333333333 -90 0 0 30008 2
26 30 0.666666666667 -90 0 0 3005 2
26 30 1.66666666667 -90 0 0 3005 2
26 30 2.66666666667 -90 0 0 3005 2
26 30 3.0 -90 0 0 30008 2
26 31 0.666666666667 -90 0 0 3005 2
26 31 1.66666666667 -90 0 0 3005 2
26 31 2.66666666667 -90 0 0 3005 2
26 31 3.0 -90 0 0 30008 2
26 32 0.666666666667 -90 0 0 3005 2
26 32 1.66666666667 -90 0 0 3005 2
26 32 2.66666666667 -90 0 0 3005 2
26 32 3.66666666667 -90 0 0 3005 2
27 0 0 -90 0 0 30008 1
27 1 0 -90 0 0 30008 1
27 2 0 -90 0 0 30008 1
27 3 0 -90 0 0 30008 1
27 4 0 -90 0 0 30008 1
27 5 0 -90 0 0 30008 1
27 6 0 -90 0 0 30008 1
27 7 0 -90 0 0 30008 1
27 8 0 -90 0 0 30008 1
27 9 0.0 -90 0 0 30008 2
27 10 0.666666666667 -90 0 0 3005 2
27 10 1.0 -90 0 0 30008 2
27 11 0.0 -90 0 0 30008 2
27 11 0.333333333333 -90 0 0 30008 2
27 12 0 -90 0 0 30008 2
27 13 0 -90 0 0 30008 1
27 14 0 -90 0 0 30008 1
27 15 0.0 -90 0 0 30008 2
27 16 0.666666666667 -90 0 0 3005 2
27 16 1.0 -90 0 0 30008 2
27 17 0.666666666667 -90 0 0 3005 2
27 17 1.0 -90 0 0 30008 2
27 17 1.33333333333 -90 0 0 30008 2
27 18 0.666666666667 -90 0 0 3005 2
27 18 1.0 -90 0 0 30008 2
27 18 1.33333333333 -90 0 0 30008 2
27 19 0.666666666667 -90 0 0 3005 2
27 19 1.0 -90 0 0 30008 2
27 19 1.33333333333 -90 0 0 30008 2
27 20 0 -90 0 0 30008 2
27 21 0 -90 0 0 30008 2
27 22 0.0 -90 0 0 30008 2
27 23 0.666666666667 -90 0 0 3005 2
27 23 1.0 -90 0 0 30008 2
27 23 1.33333333333 -90 0 0 30008 2
27 24 0.666666666667 -90 0 0 3005 2
27 24 1.66666666667 -90 0 0 3005 2
27 24 2.0 -90 0 0 30008 2
27 25 0.666666666667 -90 0 0 3005 2
27 25 1.0 -90 0 0 30008 2
27 25 1.33333333333 -90 0 0 30008 2
27 26 0.666666666667 -90 0 0 3005 2
27 26 1.66666666667 -90 0 0 3005 2
27 26 2.0 -90 0 0 30008 2
27 27 0.666666666667 -90 0 0 3005 2
27 27 1.66666666667 -90 0 0 3005 2
27 27 2.66666666667 -90 0 0 3005 2
27 27 3.0 -90 0 0 30008 2
27 28 0.666666666667 -90 0 0 3005 2
27 28 1.66666666667 -90 0 0 3005 2
27 28 2.66666666667 -90 0 0 3005 2
27 28 3.66666666667 -90 0 0 3005 2
27 29 0.666666666667 -90 0 0 3005 2
27 29 1.66666666667 -90 0 0 3005 2
27 29 2.66666666667 -90 0 0 3005 2
27 29 3.66666666667 -90 0 0 3005 2
27 30 0.666666666667 -90 0 0 3005 2
27 30 1.66666666667 -90 0 0 3005 2
27 30 2.66666666667 -90 0 0 3005 2
27 30 3.0 -90 0 0 30008 2
27 31 0.666666666667 -90 0 0 3005 2
27 31 1.66666666667 -90 0 0 3005 2
27 31 2.66666666667 -90 0 0 3005 2
27 31 3.0 -90 0 0 30008 2
27 31 4.0 -90 0 0 3005 6
27 32 0.666666666667 -90 0 0 3005 2
27 32 1.66666666667 -90 0 0 3005 2
27 32 2.66666666667 -90 0 0 3005 2
27 32 3.0 -90 0 0 30008 2
27 32 3.33333333333 -90 0 0 30008 2
28 0 0 -90 0 0 30008 1
28 1 0 -90 0 0 30008 1
28 2 0 -90 0 0 30008 1
28 3 0 -90 0 0 30008 1
28 4 0 -90 0 0 30008 1
28 5 0 -90 0 0 30008 1
28 6 0 -90 0 0 30008 1
28 7 0 -90 0 0 30008 1
28 8 0.666666666667 -90 0 0 3005 2
28 8 1.0 -90 0 0 30008 2
28 9 0.666666666667 -90 0 0 3005 2
28 10 0.666666666667 -90 0 0 3005 2
28 10 1.66666666667 -90 0 0 3005 2
28 11 0.0 -90 0 0 30008 2
28 11 0.333333333333 -90 0 0 30008 2
28 12 0 -90 0 0 30008 1
28 13 0 -90 0 0 30008 1
28 14 0 -90 0 0 30008 1
28 15 0.0 -90 0 0 30008 2
28 15 0.333333333333 -90 0 0 30008 2
28 16 0.666666666667 -90 0 0 3005 2
28 16 1.0 -90 0 0 30008 2
28 16 1.33333333333 -90 0 0 30008 2
28 17 0.666666666667 -90 0 0 3005 2
28 17 1.66666666667 -90 0 0 3005 2
28 17 2.0 -90 0 0 30008 2
28 18 0.666666666667 -90 0 0 3005 2
28 18 1.66666666667 -90 0 0 3005 2
28 18 2.66666666667 -90 0 0 3005 2
28 19 0.666666666667 -90 0 0 3005 2
28 19 1.66666666667 -90 0 0 3005 2
28 20 0.666666666667 -90 0 0 3005 2
28 20 1.0 -90 0 0 30008 2
28 21 0.666666666667 -90 0 0 3005 2
28 22 0.666666666667 -90 0 0 3005 2
28 23 0.666666666667 -90 0 0 3005 2
28 23 1.0 -90 0 0 30008 2
28 23 1.33333333333 -90 0 0 30008 2
28 24 0.666666666667 -90 0 0 3005 2
28 24 1.66666666667 -90 0 0 3005 2
28 24 2.0 -90 0 0 30008 2
28 24 2.33333333333 -90 0 0 30008 2
28 25 0.666666666667 -90 0 0 3005 2
28 25 1.66666666667 -90 0 0 3005 2
28 25 2.66666666667 -90 0 0 3005 2
28 25 3.0 -90 0 0 30008 2
28 26 0.666666666667 -90 0 0 3005 2
28 26 1.66666666667 -90 0 0 3005 2
28 26 2.66666666667 -90 0 0 3005 2
28 26 3.0 -90 0 0 30008 2
28 26 3.33333333333 -90 0 0 30008 6
28 26 3.66666666667 -90 0 0 30008 6
28 27 0.666666666667 -90 0 0 3005 2
28 27 1.66666666667 -90 0 0 3005 2
28 27 2.66666666667 -90 0 0 3005 2
28 27 3.66666666667 -90 0 0 3005 2
28 27 4.66666666667 -90 0 0 3005 6
28 28 0.666666666667 -90 0 0 3005 2
28 28 1.66666666667 -90 0 0 3005 2
28 28 2.66666666667 -90 0 0 3005 2
28 28 3.66666666667 -90 0 0 3005 2
28 28 4.0 -90 0 0 30008 6
28 28 4.33333333333 -90 0 0 30008 6
28 28 5.33333333333 -90 0 0 3005 15
28 29 0.666666666667 -90 0 0 3005 2
28 29 1.66666666667 -90 0 0 3005 2
28 29 2.66666666667 -90 0 0 3005 2
28 29 3.0 -90 0 0 30008 2
28 29 3.33333333333 -90 0 0 30008 6
28 29 3.66666666667 -90 0 0 30008 6
28 30 0.666666666667 -90 0 0 3005 2
28 30 1.66666666667 -90 0 0 3005 2
28 30 2.66666666667 -90 0 0 3005 2
28 30 3.0 -90 0 0 30008 2
28 30 3.33333333333 -90 0 0 30008 2
28 31 0.666666666667 -90 0 0 3005 2
28 31 1.66666666667 -90 0 0 3005 2
28 31 2.66666666667 -90 0 0 3005 2
28 31 3.0 -90 0 0 30008 2
28 31 4.0 -90 0 0 3005 6
28 31 4.33333333333 -90 0 0 30008 15
28 32 0.666666666667 -90 0 0 3005 2
28 32 1.66666666667 -90 0 0 3005 2
28 32 2.66666666667 -90 0 0 3005 2
28 32 3.0 -90 0 0 30008 2
29 0 0 -90 0 0 30008 1
29 1 0 -90 0 0 30008 1
29 2 0 -90 0 0 30008 1
29 3 0 -90 0 0 30008 1
29 4 0 -90 0 0 30008 1
29 5 0 -90 0 0 30008 1
29 6 0 -90 0 0 30008 1
29 7 0 -90 0 0 30008 1
29 8 0.0 -90 0 0 30008 2
29 8 0.333333333333 -90 0 0 30008 2
29 9 0.666666666667 -90 0 0 3005 2
29 9 1.0 -90 0 0 30008 2
29 9 1.33333333333 -90 0 0 30008 2
29 10 0.666666666667 -90 0 0 3005 2
29 10 1.0 -90 0 0 30008 2
29 10 1.33333333333 -90 0 0 30008 2
29 11 0.666666666667 -90 0 0 3005 2
29 11 1.0 -90 0 0 30008 2
29 11 1.33333333333 -90 0 0 30008 2
29 12 0.0 -90 0 0 30008 2
29 13 0 -90 0 0 30008 2
29 14 0.0 -90 0 0 30008 2
29 14 0.333333333333 -90 0 0 30008 2
29 15 0.666666666667 -90 0 0 3005 2
29 15 1.0 -90 0 0 30008 2
29 16 0.666666666667 -90 0 0 3005 2
29 16 1.0 -90 0 0 30008 2
29 16 1.33333333333 -90 0 0 30008 2
29 17 0.666666666667 -90 0 0 3005 2
29 17 1.66666666667 -90 0 0 3005 2
29 17 2.0 -90 0 0 30008 2
29 18 0.666666666667 -90 0 0 3005 2
29 18 1.66666666667 -90 0 0 3005 2
29 18 2.66666666667 -90 0 0 3005 2
29 18 3.0 -90 0 0 30008 2
29 18 3.33333333333 -90 0 0 30008 2
29 19 0.666666666667 -90 0 0 3005 2
29 19 1.66666666667 -90 0 0 3005 2
29 19 2.0 -90 0 0 30008 2
29 19 2.33333333333 -90 0 0 30008 2
29 20 0.666666666667 -90 0 0 3005 2
29 20 1.66666666667 -90 0 0 3005 2
29 21 0.666666666667 -90 0 0 3005 2
29 21 1.0 -90 0 0 30008 2
29 22 0.666666666667 -90 0 0 3005 2
29 22 1.66666666667 -90 0 0 3005 2
29 22 2.0 -90 0 0 30008 2
29 23 0.666666666667 -90 0 0 3005 2
29 23 1.66666666667 -90 0 0 3005 2
29 23 2.0 -90 0 0 30008 2
29 23 2.33333333333 -90 0 0 30008 2
29 24 0.666666666667 -90 0 0 3005 2
29 24 1.66666666667 -90 0 0 3005 2
29 24 2.0 -90 0 0 30008 2
29 24 2.33333333333 -90 0 0 30008 2
29 25 0.666666666667 -90 0 0 3005 2
29 25 1.66666666667 -90 0 0 3005 2
29 25 2.66666666667 -90 0 0 3005 2
29 25 3.66666666667 -90 0 0 3005 2
29 26 0.666666666667 -90 0 0 3005 2
29 26 1.66666666667 -90 0 0 3005 2
29 26 2.66666666667 -90 0 0 3005 2
29 26 3.0 -90 0 0 30008 2
29 26 3.33333333333 -90 0 0 30008 6
29 26 3.66666666667 -90 0 0 30008 6
29 26 4.0 -90 0 0 30008 15
29 26 4.33333333333 -90 0 0 30008 15
29 27 0.666666666667 -90 0 0 3005 2
29 27 1.66666666667 -90 0 0 3005 2
29 27 2.66666666667 -90 0 0 3005 2
29 27 3.66666666667 -90 0 0 3005 2
29 27 4.0 -90 0 0 30008 6
29 27 4.33333333333 -90 0 0 30008 6
29 28 0.666666666667 -90 0 0 3005 2
29 28 1.66666666667 -90 0 0 3005 2
29 28 2.66666666667 -90 0 0 3005 2
29 28 3.66666666667 -90 0 0 3005 2
29 28 4.0 -90 0 0 30008 6
29 28 4.33333333333 -90 0 0 30008 6
29 29 0.666666666667 -90 0 0 3005 2
29 29 1.66666666667 -90 0 0 3005 2
29 29 2.66666666667 -90 0 0 3005 2
29 29 3.0 -90 0 0 30008 2
29 29 3.33333333333 -90 0 0 30008 6
29 29 3.66666666667 -90 0 0 30008 6
29 30 0.666666666667 -90 0 0 3005 2
29 30 1.66666666667 -90 0 0 3005 2
29 30 2.66666666667 -90 0 0 3005 2
29 30 3.0 -90 0 0 30008 2
29 30 4.0 -90 0 0 3005 6
29 30 4.33333333333 -90 0 0 30008 15
29 31 0.666666666667 -90 0 0 3005 2
29 31 1.66666666667 -90 0 0 3005 2
29 31 2.66666666667 -90 0 0 3005 2
29 31 3.0 -90 0 0 30008 2
29 31 4.0 -90 0 0 3005 6
29 31 4.33333333333 -90 0 0 30008 15
29 31 4.66666666667 -90 0 0 30008 15
29 32 0.666666666667 -90 0 0 3005 2
29 32 1.66666666667 -90 0 0 3005 2
29 32 2.66666666667 -90 0 0 3005 2
29 32 3.66666666667 -90 0 0 3005 2
29 32 4.0 -90 0 0 30008 6
29 32 4.33333333333 -90 0 0 30008 6
29 32 4.66666666667 -90 0 0 30008 15
30 0 0 -90 0 0 30008 1
30 1 0 -90 0 0 30008 1
30 2 0 -90 0 0 30008 1
30 3 0 -90 0 0 30008 1
30 4 0 -90 0 0 30008 1
30 5 0 -90 0 0 30008 1
30 6 0 -90 0 0 30008 1
30 7 0.0 -90 0 0 30008 2
30 8 0.666666666667 -90 0 0 3005 2
30 8 1.0 -90 0 0 30008 2
30 9 0.666666666667 -90 0 0 3005 2
30 9 1.0 -90 0 0 30008 2
30 9 1.33333333333 -90 0 0 30008 2
30 10 0.666666666667 -90 0 0 3005 2
30 10 1.0 -90 0 0 30008 2
30 10 1.33333333333 -90 0 0 30008 2
30 11 0.666666666667 -90 0 0 3005 2
30 11 1.0 -90 0 0 30008 2
30 11 1.33333333333 -90 0 0 30008 2
30 12 0.0 -90 0 0 30008 2
30 13 0.666666666667 -90 0 0 3005 2
30 14 0.666666666667 -90 0 0 3005 2
30 15 0.666666666667 -90 0 0 3005 2
30 15 1.0 -90 0 0 30008 2
30 15 1.33333333333 -90 0 0 30008 2
30 16 0.666666666667 -90 0 0 3005 2
30 16 1.66666666667 -90 0 0 3005 2
30 16 2.0 -90 0 0 30008 2
30 16 2.33333333333 -90 0 0 30008 2
30 17 0.666666666667 -90 0 0 3005 2
30 17 1.66666666667 -90 0 0 3005 2
30 17 2.66666666667 -90 0 0 3005 2
30 17 3.0 -90 0 0 30008 2
30 17 3.33333333333 -90 0 0 30008 2
30 18 0.666666666667 -90 0 0 3005 2
30 18 1.66666666667 -90 0 0 3005 2
30 18 2.66666666667 -90 0 0 3005 2
30 18 3.0 -90 0 0 30008 2
30 18 3.33333333333 -90 0 0 30008 2
30 18 3.66666666667 -90 0 0 30008 6
30 18 4.0 -90 0 0 30008 6
30 19 0.666666666667 -90 0 0 3005 2
30 19 1.66666666667 -90 0 0 3005 2
30 19 2.66666666667 -90 0 0 3005 2
30 19 3.0 -90 0 0 30008 2
30 20 0.666666666667 -90 0 0 3005 2
30 20 1.66666666667 -90 0 0 3005 2
30 20 2.0 -90 0 0 30008 2
30 21 0.666666666667 -90 0 0 3005 2
30 21 1.66666666667 -90 0 0 3005 2
30 21 2.0 -90 0 0 30008 2
30 21 2.33333333333 -90 0 0 30008 2
30 22 0.666666666667 -90 0 0 3005 2
30 22 1.66666666667 -90 0 0 3005 2
30 22 2.66666666667 -90 0 0 3005 2
30 22 3.0 -90 0 0 30008 2
30 22 3.33333333333 -90 0 0 30008 2
30 23 0.666666666667 -90 0 0 3005 2
30 23 1.66666666667 -90 0 0 3005 2
30 23 2.66666666667 -90 0 0 3005 2
30 24 0.666666666667 -90 0 0 3005 2
30 24 1.66666666667 -90 0 0 3005 2
30 24 2.66666666667 -90 0 0 3005 2
30 24 3.0 -90 0 0 30008 2
30 24 3.33333333333 -90 0 0 30008 2
30 25 0.666666666667 -90 0 0 3005 2
30 25 1.66666666667 -90 0 0 3005 2
30 25 2.66666666667 -90 0 0 3005 2
30 25 3.0 -90 0 0 30008 2
30 25 3.33333333333 -90 0 0 30008 2
30 25 3.66666666667 -90 0 0 30008 6
30 26 0.666666666667 -90 0 0 3005 2
30 26 1.66666666667 -90 0 0 3005 2
30 26 2.66666666667 -90 0 0 3005 2
30 26 3.66666666667 -90 0 0 3005 2
30 27 0.666666666667 -90 0 0 3005 2
30 27 1.66666666667 -90 0 0 3005 2
30 27 2.66666666667 -90 0 0 3005 2
30 27 3.0 -90 0 0 30008 2
30 27 3.33333333333 -90 0 0 30008 2
30 27 3.66666666667 -90 0 0 30008 6
30 27 4.0 -90 0 0 30008 6
30 27 4.33333333333 -90 0 0 30008 15
30 28 0.666666666667 -90 0 0 3005 2
30 28 1.66666666667 -90 0 0 3005 2
30 28 2.66666666667 -90 0 0 3005 2
30 28 3.66666666667 -90 0 0 3005 2
30 28 4.0 -90 0 0 30008 6
30 28 4.33333333333 -90 0 0 30008 6
30 28 4.66666666667 -90 0 0 30008 15
30 29 0.666666666667 -90 0 0 3005 2
30 29 1.66666666667 -90 0 0 3005 2
30 29 2.66666666667 -90 0 0 3005 2
30 29 3.0 -90 0 0 30008 2
30 29 4.0 -90 0 0 3005 6
30 29 4.33333333333 -90 0 0 30008 15
30 30 0.666666666667 -90 0 0 3005 2
30 30 1.66666666667 -90 0 0 3005 2
30 30 2.66666666667 -90 0 0 3005 2
30 30 3.66666666667 -90 0 0 3005 2
30 30 4.66666666667 -90 0 0 3005 6
30 31 0.666666666667 -90 0 0 3005 2
30 31 1.66666666667 -90 0 0 3005 2
30 31 2.66666666667 -90 0 0 3005 2
30 31 3.0 -90 0 0 30008 2
30 31 4.0 -90 0 0 3005 6
30 31 5.0 -90 0 0 3005 15
30 32 0.666666666667 -90 0 0 3005 2
30 32 1.66666666667 -90 0 0 3005 2
30 32 2.66666666667 -90 0 0 3005 2
30 32 3.0 -90 0 0 30008 2
30 32 3.33333333333 -90 0 0 30008 6
30 32 3.66666666667 -90 0 0 30008 6
30 32 4.66666666667 -90 0 0 3005 15
30 32 5.0 -90 0 0 30008 15
30 32 5.33333333333 -90 0 0 30008 15
31 0 0 -90 0 0 30008 1
31 1 0 -90 0 0 30008 1
31 2 0 -90 0 0 30008 1
31 3 0 -90 0 0 30008 1
31 4 0 -90 0 0 30008 1
31 5 0 -90 0 0 30008 1
31 6 0 -90 0 0 30008 1
31 7 0.0 -90 0 0 30008 2
31 8 0.0 -90 0 0 30008 2
31 8 0.333333333333 -90 0 0 30008 2
31 9 0.666666666667 -90 0 0 3005 2
31 10 0.666666666667 -90 0 0 3005 2
31 10 1.0 -90 0 0 30008 2
31 11 0.666666666667 -90 0 0 3005 2
31 11 1.0 -90 0 0 30008 2
31 11 1.33333333333 -90 0 0 30008 2
31 12 0.666666666667 -90 0 0 3005 2
31 13 0.666666666667 -90 0 0 3005 2
31 13 1.66666666667 -90 0 0 3005 2
31 14 0.666666666667 -90 0 0 3005 2
31 14 1.66666666667 -90 0 0 3005 2
31 15 0.666666666667 -90 0 0 3005 2
31 15 1.66666666667 -90 0 0 3005 2
31 15 2.66666666667 -90 0 0 3005 2
31 16 0.666666666667 -90 0 0 3005 2
31 16 1.66666666667 -90 0 0 3005 2
31 16 2.66666666667 -90 0 0 3005 2
31 16 3.66666666667 -90 0 0 3005 2
31 17 0.666666666667 -90 0 0 3005 2
31 17 1.66666666667 -90 0 0 3005 2
31 17 2.66666666667 -90 0 0 3005 2
31 17 3.0 -90 0 0 30008 2
31 17 3.33333333333 -90 0 0 30008 6
31 17 3.66666666667 -90 0 0 30008 6
31 18 0.666666666667 -90 0 0 3005 2
31 18 1.66666666667 -90 0 0 3005 2
31 18 2.66666666667 -90 0 0 3005 2
31 18 3.0 -90 0 0 30008 2
31 18 3.33333333333 -90 0 0 30008 2
31 18 3.66666666667 -90 0 0 30008 6
31 18 4.0 -90 0 0 30008 6
31 18 4.33333333333 -90 0 0 30008 15
31 19 0.666666666667 -90 0 0 3005 2
31 19 1.66666666667 -90 0 0 3005 2
31 19 2.66666666667 -90 0 0 3005 2
31 19 3.0 -90 0 0 30008 2
31 19 3.33333333333 -90 0 0 30008 2
31 19 3.66666666667 -90 0 0 30008 6
31 20 0.666666666667 -90 0 0 3005 2
31 20 1.66666666667 -90 0 0 3005 2
31 20 2.66666666667 -90 0 0 3005 2
31 20 3.0 -90 0 0 30008 2
31 20 3.33333333333 -90 0 0 30008 6
31 21 0.666666666667 -90 0 0 3005 2
31 21 1.66666666667 -90 0 0 3005 2
31 21 2.66666666667 -90 0 0 3005 2
31 21 3.0 -90 0 0 30008 2
31 21 3.33333333333 -90 0 0 30008 2
31 21 3.66666666667 -90 0 0 30008 6
31 22 0.666666666667 -90 0 0 3005 2
31 22 1.66666666667 -90 0 0 3005 2
31 22 2.66666666667 -90 0 0 3005 2
31 22 3.0 -90 0 0 30008 2
31 23 0.666666666667 -90 0 0 3005 2
31 23 1.66666666667 -90 0 0 3005 2
31 23 2.66666666667 -90 0 0 3005 2
31 23 3.0 -90 0 0 30008 2
31 24 0.666666666667 -90 0 0 3005 2
31 24 1.66666666667 -90 0 0 3005 2
31 24 2.66666666667 -90 0 0 3005 2
31 24 3.0 -90 0 0 30008 2
31 24 3.33333333333 -90 0 0 30008 6
31 25 0.666666666667 -90 0 0 3005 2
31 25 1.66666666667 -90 0 0 3005 2
31 25 2.66666666667 -90 0 0 3005 2
31 25 3.66666666667 -90 0 0 3005 2
31 25 4.0 -90 0 0 30008 6
31 26 0.666666666667 -90 0 0 3005 2
31 26 1.66666666667 -90 0 0 3005 2
31 26 2.66666666667 -90 0 0 3005 2
31 26 3.66666666667 -90 0 0 3005 2
31 27 0.666666666667 -90 0 0 3005 2
31 27 1.66666666667 -90 0 0 3005 2
31 27 2.66666666667 -90 0 0 3005 2
31 27 3.66666666667 -90 0 0 3005 2
31 27 4.0 -90 0 0 30008 6
31 27 4.33333333333 -90 0 0 30008 6
31 28 0.666666666667 -90 0 0 3005 2
31 28 1.66666666667 -90 0 0 3005 2
31 28 2.66666666667 -90 0 0 3005 2
31 28 3.0 -90 0 0 30008 2
31 28 3.33333333333 -90 0 0 30008 2
31 28 3.66666666667 -90 0 0 30008 6
31 28 4.0 -90 0 0 30008 6
31 28 5.0 -90 0 0 3005 15
31 29 0.666666666667 -90 0 0 3005 2
31 29 1.66666666667 -90 0 0 3005 2
31 29 2.66666666667 -90 0 0 3005 2
31 29 3.0 -90 0 0 30008 2
31 29 4.0 -90 0 0 3005 6
31 29 4.33333333333 -90 0 0 30008 15
31 29 4.66666666667 -90 0 0 30008 15
31 30 0.666666666667 -90 0 0 3005 2
31 30 1.66666666667 -90 0 0 3005 2
31 30 2.66666666667 -90 0 0 3005 2
31 30 3.0 -90 0 0 30008 2
31 30 3.33333333333 -90 0 0 30008 2
31 30 4.33333333333 -90 0 0 3005 6
31 30 4.66666666667 -90 0 0 30008 15
31 31 0.666666666667 -90 0 0 3005 2
31 31 1.66666666667 -90 0 0 3005 2
31 31 2.66666666667 -90 0 0 3005 2
31 31 3.0 -90 0 0 30008 2
31 31 3.33333333333 -90 0 0 30008 6
31 31 3.66666666667 -90 0 0 30008 6
31 31 4.66666666667 -90 0 0 3005 15
31 31 5.0 -90 0 0 30008 15
31 32 0.666666666667 -90 0 0 3005 2
31 32 1.66666666667 -90 0 0 3005 2
31 32 2.66666666667 -90 0 0 3005 2
31 32 3.0 -90 0 0 30008 2
31 32 4.0 -90 0 0 3005 6
31 32 5.0 -90 0 0 3005 15
32 0 0 -90 0 0 30008 1
32 1 0 -90 0 0 30008 1
32 2 0 -90 0 0 30008 1
32 3 0 -90 0 0 30008 1
32 4 0 -90 0 0 30008 1
32 5 0 -90 0 0 30008 1
32 6 0 -90 0 0 30008 1
32 7 0.0 -90 0 0 30008 2
32 8 0.666666666667 -90 0 0 3005 2
32 8 1.0 -90 0 0 30008 2
32 8 1.33333333333 -90 0 0 30008 2
32 9 0.666666666667 -90 0 0 3005 2
32 9 1.66666666667 -90 0 0 3005 2
32 9 2.0 -90 0 0 30008 2
32 10 0.666666666667 -90 0 0 3005 2
32 10 1.66666666667 -90 0 0 3005 2
32 10 2.0 -90 0 0 30008 2
32 10 2.33333333333 -90 0 0 30008 2
32 11 0.666666666667 -90 0 0 3005 2
32 11 1.66666666667 -90 0 0 3005 2
32 12 0.666666666667 -90 0 0 3005 2
32 12 1.0 -90 0 0 30008 2
32 12 1.33333333333 -90 0 0 30008 2
32 13 0.666666666667 -90 0 0 3005 2
32 13 1.66666666667 -90 0 0 3005 2
32 13 2.0 -90 0 0 30008 2
32 13 2.33333333333 -90 0 0 30008 2
32 14 0.666666666667 -90 0 0 3005 2
32 14 1.66666666667 -90 0 0 3005 2
32 14 2.66666666667 -90 0 0 3005 2
32 14 3.0 -90 0 0 30008 2
32 15 0.666666666667 -90 0 0 3005 2
32 15 1.66666666667 -90 0 0 3005 2
32 15 2.66666666667 -90 0 0 3005 2
32 15 3.0 -90 0 0 30008 2
32 15 3.33333333333 -90 0 0 30008 2
32 15 3.66666666667 -90 0 0 30008 6
32 15 4.0 -90 0 0 30008 6
32 16 0.666666666667 -90 0 0 3005 2
32 16 1.66666666667 -90 0 0 3005 2
32 16 2.66666666667 -90 0 0 3005 2
32 16 3.0 -90 0 0 30008 2
32 16 3.33333333333 -90 0 0 30008 2
32 16 3.66666666667 -90 0 0 30008 6
32 16 4.0 -90 0 0 30008 6
32 16 5.0 -90 0 0 3005 15
32 16 5.33333333333 -90 0 0 30008 15
32 17 0.666666666667 -90 0 0 3005 2
32 17 1.66666666667 -90 0 0 3005 2
32 17 2.66666666667 -90 0 0 3005 2
32 17 3.0 -90 0 0 30008 2
32 17 3.33333333333 -90 0 0 30008 2
32 17 3.66666666667 -90 0 0 30008 6
32 17 4.0 -90 0 0 30008 6
32 18 0.666666666667 -90 0 0 3005 2
32 18 1.66666666667 -90 0 0 3005 2
32 18 2.66666666667 -90 0 0 3005 2
32 18 3.0 -90 0 0 30008 2
32 18 3.33333333333 -90 0 0 30008 2
32 18 3.66666666667 -90 0 0 30008 6
32 18 4.0 -90 0 0 30008 6
32 19 0.666666666667 -90 0 0 3005 2
32 19 1.66666666667 -90 0 0 3005 2
32 19 2.66666666667 -90 0 0 3005 2
32 19 3.0 -90 0 0 30008 2
32 19 3.33333333333 -90 0 0 30008 2
32 20 0.666666666667 -90 0 0 3005 2
32 20 1.66666666667 -90 0 0 3005 2
32 20 2.66666666667 -90 0 0 3005 2
32 20 3.0 -90 0 0 30008 2
32 20 3.33333333333 -90 0 0 30008 6
32 21 0.666666666667 -90 0 0 3005 2
32 21 1.66666666667 -90 0 0 3005 2
32 21 2.66666666667 -90 0 0 3005 2
32 21 3.0 -90 0 0 30008 2
32 21 3.33333333333 -90 0 0 30008 2
32 21 4.33333333333 -90 0 0 3005 6
32 22 0.666666666667 -90 0 0 3005 2
32 22 1.66666666667 -90 0 0 3005 2
32 22 2.66666666667 -90 0 0 3005 2
32 22 3.0 -90 0 0 30008 2
32 22 4.0 -90 0 0 3005 6
32 23 0.666666666667 -90 0 0 3005 2
32 23 1.66666666667 -90 0 0 3005 2
32 23 2.66666666667 -90 0 0 3005 2
32 23 3.0 -90 0 0 30008 2
32 23 3.33333333333 -90 0 0 30008 6
32 24 0.666666666667 -90 0 0 3005 2
32 24 1.66666666667 -90 0 0 3005 2
32 24 2.66666666667 -90 0 0 3005 2
32 24 3.0 -90 0 0 30008 2
32 25 0.666666666667 -90 0 0 3005 2
32 25 1.66666666667 -90 0 0 3005 2
32 25 2.66666666667 -90 0 0 3005 2
32 25 3.0 -90 0 0 30008 2
32 25 3.33333333333 -90 0 0 30008 6
32 26 0.666666666667 -90 0 0 3005 2
32 26 1.66666666667 -90 0 0 3005 2
32 26 2.66666666667 -90 0 0 3005 2
32 26 3.0 -90 0 0 30008 2
32 27 0.666666666667 -90 0 0 3005 2
32 27 1.66666666667 -90 0 0 3005 2
32 27 2.66666666667 -90 0 0 3005 2
32 27 3.0 -90 0 0 30008 2
32 27 3.33333333333 -90 0 0 30008 2
32 27 3.66666666667 -90 0 0 30008 6
32 27 4.0 -90 0 0 30008 6
32 27 4.33333333333 -90 0 0 30008 15
32 28 0.666666666667 -90 0 0 3005 2
32 28 1.66666666667 -90 0 0 3005 2
32 28 2.66666666667 -90 0 0 3005 2
32 28 3.66666666667 -90 0 0 3005 2
32 28 4.66666666667 -90 0 0 3005 6
32 28 5.66666666667 -90 0 0 3005 15
32 29 0.666666666667 -90 0 0 3005 2
32 29 1.66666666667 -90 0 0 3005 2
32 29 2.66666666667 -90 0 0 3005 2
32 29 3.66666666667 -90 0 0 3005 2
32 29 4.0 -90 0 0 30008 6
32 29 4.33333333333 -90 0 0 30008 6
32 29 5.33333333333 -90 0 0 3005 15
32 29 5.66666666667 -90 0 0 30008 15
32 30 0.666666666667 -90 0 0 3005 2
32 30 1.66666666667 -90 0 0 3005 2
32 30 2.66666666667 -90 0 0 3005 2
32 30 3.0 -90 0 0 30008 2
32 30 4.0 -90 0 0 3005 6
32 30 5.0 -90 0 0 3005 15
32 30 5.33333333333 -90 0 0 30008 15
32 31 0.666666666667 -90 0 0 3005 2
32 31 1.66666666667 -90 0 0 3005 2
32 31 2.66666666667 -90 0 0 3005 2
32 31 3.0 -90 0 0 30008 2
32 31 3.33333333333 -90 0 0 30008 6
32 31 3.66666666667 -90 0 0 30008 6
32 31 4.66666666667 -90 0 0 3005 15
32 32 0.666666666667 -90 0 0 3005 2
32 32 1.66666666667 -90 0 0 3005 2
32 32 2.66666666667 -90 0 0 3005 2
32 32 3.0 -90 0 0 30008 2
32 32 3.33333333333 -90 0 0 30008 6
32 32 3.66666666667 -90 0 0 30008 6
32 32 4.66666666667 -90 0 0 3005 15
32 32 5.0 -90 0 0 30008 15
